import { DemoModel } from './../../models/demo-model';
import { Component, OnInit, ViewChild, NgZone } from '@angular/core';
import { UIChart } from "primeng/components/chart/chart";
import * as echarts from 'echarts/dist/echarts';
import * as dataTool from 'echarts/dist/extension/dataTool';

@Component({
  selector: 'app-demo',
  templateUrl: './demo.component.html',
  styleUrls: ['./demo.component.scss']
})
export class DemoComponent implements OnInit {


  public chartJSData: any;
  public competencyValue: number;
  public demoData: DemoModel[];
  public filterData: DemoModel[];
  public nameFilter: string;
  public correlationChart: any;
  public xxChart: any;
  public sourceList: string[] = ['課題設定', '解決意向', '個人的実行力', '創造性', '論理的思考', '疑う力', '内的価値', 'ヴィジョン', '自己効力', '成長', '興味', '耐性', '感情コントロール', '表現力', '共感・傾聴力', '外交性', '柔軟性', '決断力', '寛容', '影響力の行使', '情熱・宣教力', '組織への働きかけ', '地球市民', '組織へのコミットメント', '誠実さ'];
  public targetList: string[] = this.sourceList;
  @ViewChild("myRadarChart") myRadarChart: UIChart;

  constructor(public zone: NgZone) {
    this.filterData = [];

  }


  ngOnInit() {

    this.chartJSData = {
      labels: ['type1', 'type2', 'type3', 'type4', 'type5'],
    }

    this.demoData = [
      { id: 1, name: "鈴木陽子", birthday: new Date(2017, 7, 1).toDateString(), salary: 5000000, type1: 1100, type2: 2000, type3: 3000, type4: 4000, type5: 5000 },
      { id: 2, name: "Steve Jobs", birthday: new Date(2017, 7, 2).toDateString(), salary: 4000000, type1: 7850, type2: 3100, type3: 3100, type4: 4100, type5: 5100 },
      { id: 3, name: "夏目漱石", birthday: new Date(2017, 7, 3).toDateString(), salary: 6000000, type1: 2452, type2: 1230, type3: 3200, type4: 4200, type5: 5200 },
      { id: 4, name: "코고 세", birthday: new Date(2017, 7, 4).toDateString(), salary: 7000000, type1: 3567, type2: 1300, type3: 3300, type4: 4300, type5: 5300 },
      { id: 5, name: "🍎　🔞", birthday: new Date(2017, 7, 5).toDateString(), salary: 8500000, type1: 4400, type2: 2400, type3: 3410, type4: 4400, type5: 5400 },
      { id: 6, name: "User6", birthday: new Date(2017, 7, 6).toDateString(), salary: 1200000, type1: 150, type2: 5500, type3: 3500, type4: 4500, type5: 5500 },
      { id: 7, name: "User7", birthday: new Date(2017, 7, 7).toDateString(), salary: 3200000, type1: 1500, type2: 2500, type3: 3500, type4: 4500, type5: 5500 },
      { id: 8, name: "User8", birthday: new Date(2017, 7, 8).toDateString(), salary: 900000, type1: 1500, type2: 2500, type3: 3500, type4: 4500, type5: 5500 },
      { id: 9, name: "User9", birthday: new Date(2017, 7, 9).toDateString(), salary: 3820000, type1: 1500, type2: 2500, type3: 5000, type4: 4500, type5: 5500 },
      { id: 10, name: "User10", birthday: new Date(2017, 7, 10).toDateString(), salary: 6789000, type1: 1500, type2: 2500, type3: 3500, type4: 4500, type5: 5500 },
      { id: 11, name: "User11", birthday: new Date(2017, 7, 11).toDateString(), salary: 4400000, type1: 1500, type2: 2500, type3: 1000, type4: 4500, type5: 5500 }
    ];

    this.createChartData();

    this.zone.runOutsideAngular(() => {
      this.initCorrelationChart();
      this.initXXChart();
    });
  }

  onChangeCompetencyValue(event: Event) {
    this.myRadarChart.refresh();
  }

  onTypeValueChanged(event: Event, row: DemoModel, rowIndex: number) {

    console.log(rowIndex);
    const newChartData = [row.type1, row.type2, row.type3, row.type4, row.type5];
    this.chartJSData.datasets[rowIndex].data = newChartData;
    this.myRadarChart.refresh();
  }

  createChartData() {
    let datasets = [];
    for (let v of this.demoData) {
      const _data = [v.type1, v.type2, v.type3, v.type4, v.type5];
      const colors = this.randomRGBColor();
      const BG_COLOR = colors[0];
      const BRD_COLOR = colors[1];
      datasets.push({
        label: v.name,
        backgroundColor: BG_COLOR,
        borderColor: BRD_COLOR,
        pointBackgroundColor: BRD_COLOR,
        pointBorderColor: '#fff',
        pointHoverBackgroundColor: '#fff',
        pointHoverBorderColor: BRD_COLOR,
        data: _data
      });
    }
    this.chartJSData.datasets = datasets;
  }

  randomRGBColor(): string[] {
    const R = Math.floor(Math.random() * 255);
    const G = Math.floor(Math.random() * 255);
    const B = Math.floor(Math.random() * 255);
    return [`rgba(${R},${G},${B},0.2)`, `rgba(${R},${G},${B},1)`];
  }

  onDataFilter(event) {
    console.log(this.filterData);
  }

  getFilteredData(key: any) {
    console.log(key.filteredValue);
    // console.log(key);
  }

  private initCorrelationChart() {
    const hours = ['課題設定', '解決意向', '個人的実行力', '創造性', '論理的思考', '疑う力', '内的価値', 'ヴィジョン', '自己効力', '成長', '興味', '耐性', '感情コントロール', '表現力', '共感・傾聴力', '外交性', '柔軟性', '決断力', '寛容', '影響力の行使', '情熱・宣教力', '組織への働きかけ', '地球市民', '組織へのコミットメント', '誠実さ'];
    const days = hours;
    let data = [[0, 0, 1.0], [0, 1, 0.78834025879400738], [0, 2, 0.49705076911529589], [0, 3, 0.43671259376205329], [0, 4, 0.80479245455832393], [0, 5, 0.79322252017198491], [0, 6, 0.60019550927511012], [0, 7, 0.41077244688005854], [0, 8, 0.70407556079020273], [0, 9, 0.58561966037881152], [0, 10, 0.50972507866425065], [0, 11, 0.18538205550901432], [0, 12, 0.2798052324938422], [0, 13, 0.51886130012239584], [0, 14, 0.11003492106477726], [0, 15, -0.050920310560333713], [0, 16, 0.40392508739942129], [0, 17, 0.62017059395571561], [0, 18, 0.0371679789670862], [0, 19, 0.46704238342211724], [0, 20, 0.1147916794839807], [0, 21, 0.46010148519156879], [0, 22, 0.17295025305818412], [0, 23, 0.048522542811240202], [0, 24, 0.32948511714425666], [1, 0, 0.78834025879400738], [1, 1, 1.0], [1, 2, 0.54861905218113349], [1, 3, 0.38622511443197821], [1, 4, 0.70565824393254162], [1, 5, 0.70854783111062702], [1, 6, 0.57945069786181391], [1, 7, 0.45422202383424515], [1, 8, 0.68725874058652314], [1, 9, 0.6158168060939857], [1, 10, 0.52943484045338629], [1, 11, 0.28055831788165619], [1, 12, 0.3597799387586898], [1, 13, 0.4884160476911526], [1, 14, 0.16393389469277722], [1, 15, 0.017179974384165176], [1, 16, 0.44249146866869155], [1, 17, 0.65078519448441274], [1, 18, 0.11364327725091777], [1, 19, 0.50642394017491821], [1, 20, 0.20297914626378757], [1, 21, 0.50093107870002718], [1, 22, 0.17349156954162737], [1, 23, 0.13731559991862161], [1, 24, 0.36928244296509227], [2, 0, 0.49705076911529589], [2, 1, 0.54861905218113349], [2, 2, 1.0], [2, 3, 0.40132111685445343], [2, 4, 0.38687716097062691], [2, 5, 0.44043227057145645], [2, 6, 0.57272193604042598], [2, 7, 0.49570808336313327], [2, 8, 0.55194493798404665], [2, 9, 0.65849144530549197], [2, 10, 0.50701641757648197], [2, 11, 0.50686313792152271], [2, 12, 0.47689771016545635], [2, 13, 0.44390824795805667], [2, 14, 0.31151779918004957], [2, 15, 0.3599048772805179], [2, 16, 0.55596343835337247], [2, 17, 0.6290083499831175], [2, 18, 0.32364597690972263], [2, 19, 0.55177923888688651], [2, 20, 0.41688057912105742], [2, 21, 0.60195262920779091], [2, 22, 0.22339530472425603], [2, 23, 0.37486427426865232], [2, 24, 0.46075735539221524], [3, 0, 0.43671259376205329], [3, 1, 0.38622511443197821], [3, 2, 0.40132111685445343], [3, 3, 1.0], [3, 4, 0.41363880842353501], [3, 5, 0.44815590005080641], [3, 6, 0.54116488845998678], [3, 7, 0.53928425602365948], [3, 8, 0.44473860466278425], [3, 9, 0.37362120091695672], [3, 10, 0.45507561514247091], [3, 11, 0.14891775918196423], [3, 12, 0.18487569135786072], [3, 13, 0.61036776299103468], [3, 14, 0.1805003067193198], [3, 15, 0.34771949470820773], [3, 16, 0.44366072077826557], [3, 17, 0.46915646436997888], [3, 18, 0.092817733169861874], [3, 19, 0.56900996190746111], [3, 20, 0.31446590210530229], [3, 21, 0.4861574227134961], [3, 22, 0.31038844709906727], [3, 23, 0.14762401600930644], [3, 24, 0.2367672561401615], [4, 0, 0.80479245455832393], [4, 1, 0.70565824393254162], [4, 2, 0.38687716097062691], [4, 3, 0.41363880842353501], [4, 4, 1.0], [4, 5, 0.7817610551347064], [4, 6, 0.53713643650831], [4, 7, 0.31400734844749051], [4, 8, 0.69599484065771478], [4, 9, 0.43303305126419528], [4, 10, 0.42509468136657136], [4, 11, 0.093793696628300699], [4, 12, 0.24704760404368487], [4, 13, 0.49226423857309887], [4, 14, 0.0070322214824847049], [4, 15, -0.12815621195561808], [4, 16, 0.34028060529323645], [4, 17, 0.57021175782023081], [4, 18, -0.067893374332921488], [4, 19, 0.42267832594164528], [4, 20, 0.04466862090813848], [4, 21, 0.41025438290270594], [4, 22, 0.081074378476613876], [4, 23, -0.079750383436965694], [4, 24, 0.21207146720275458], [5, 0, 0.79322252017198491], [5, 1, 0.70854783111062702], [5, 2, 0.44043227057145645], [5, 3, 0.44815590005080641], [5, 4, 0.7817610551347064], [5, 5, 1.0], [5, 6, 0.60683223005891185], [5, 7, 0.40418346480915857], [5, 8, 0.67072926635600982], [5, 9, 0.48312352801308184], [5, 10, 0.47697880564782441], [5, 11, 0.17703872983692243], [5, 12, 0.30381862136940319], [5, 13, 0.51928758729662594], [5, 14, 0.18407583142382433], [5, 15, -0.03516328832873275], [5, 16, 0.40880362233139605], [5, 17, 0.58984453240003032], [5, 18, 0.05677433462017057], [5, 19, 0.47867694776734693], [5, 20, 0.1489538724017925], [5, 21, 0.45254826975624102], [5, 22, 0.15482040912381048], [5, 23, 0.044859783338754462], [5, 24, 0.32911059162593437], [6, 0, 0.60019550927511012], [6, 1, 0.57945069786181391], [6, 2, 0.57272193604042598], [6, 3, 0.54116488845998678], [6, 4, 0.53713643650831], [6, 5, 0.60683223005891185], [6, 6, 1.0], [6, 7, 0.56713614820717362], [6, 8, 0.64450163707625885], [6, 9, 0.52875469140833309], [6, 10, 0.44636018319910914], [6, 11, 0.28881002701046576], [6, 12, 0.35571088558314612], [6, 13, 0.45701243027881838], [6, 14, 0.091383407288401136], [6, 15, 0.18155679737264532], [6, 16, 0.53653643027396336], [6, 17, 0.65421515366009064], [6, 18, 0.014226240312121463], [6, 19, 0.53437210744644115], [6, 20, 0.2576266967492632], [6, 21, 0.50525662052869391], [6, 22, 0.18079803785996962], [6, 23, 0.057734292803554688], [6, 24, 0.33108984615021453], [7, 0, 0.41077244688005854], [7, 1, 0.45422202383424515], [7, 2, 0.49570808336313327], [7, 3, 0.53928425602365948], [7, 4, 0.31400734844749051], [7, 5, 0.40418346480915857], [7, 6, 0.56713614820717362], [7, 7, 1.0], [7, 8, 0.42575012729551964], [7, 9, 0.55354420268173798], [7, 10, 0.54959258824429869], [7, 11, 0.33452323803132533], [7, 12, 0.25156361417798634], [7, 13, 0.51166443714656484], [7, 14, 0.22929645403154322], [7, 15, 0.34861902517526511], [7, 16, 0.4612303432164], [7, 17, 0.49918558160852633], [7, 18, 0.17544850817069657], [7, 19, 0.51677341889850448], [7, 20, 0.28084549940020376], [7, 21, 0.49758715835288336], [7, 22, 0.51886518080506094], [7, 23, 0.31156526457806544], [7, 24, 0.38901290211774514], [8, 0, 0.70407556079020273], [8, 1, 0.68725874058652314], [8, 2, 0.55194493798404665], [8, 3, 0.44473860466278425], [8, 4, 0.69599484065771478], [8, 5, 0.67072926635600982], [8, 6, 0.64450163707625885], [8, 7, 0.42575012729551964], [8, 8, 1.0], [8, 9, 0.53177793832120746], [8, 10, 0.42584814276629152], [8, 11, 0.33142749060874077], [8, 12, 0.40056722295879732], [8, 13, 0.48501823590506982], [8, 14, 0.051588449041889611], [8, 15, 0.11335493577575184], [8, 16, 0.48358736917978307], [8, 17, 0.60853160997824685], [8, 18, 0.039301958815203403], [8, 19, 0.55975063443980033], [8, 20, 0.21805670273460584], [8, 21, 0.55608500993235688], [8, 22, 0.12274580879371358], [8, 23, 0.11047602696860345], [8, 24, 0.2926458667862345], [9, 0, 0.58561966037881152], [9, 1, 0.6158168060939857], [9, 2, 0.65849144530549197], [9, 3, 0.37362120091695672], [9, 4, 0.43303305126419528], [9, 5, 0.48312352801308184], [9, 6, 0.52875469140833309], [9, 7, 0.55354420268173798], [9, 8, 0.53177793832120746], [9, 9, 1.0], [9, 10, 0.56752980012011611], [9, 11, 0.39524813754917115], [9, 12, 0.31926930050339081], [9, 13, 0.40965983839644127], [9, 14, 0.25280383095944453], [9, 15, 0.23375057759465953], [9, 16, 0.43691397378616215], [9, 17, 0.56792370315374885], [9, 18, 0.24226004165383927], [9, 19, 0.5117498149609998], [9, 20, 0.29141049342623054], [9, 21, 0.56768599394146113], [9, 22, 0.30185545544129072], [9, 23, 0.34094671126746218], [9, 24, 0.48634271991435096], [10, 0, 0.50972507866425065], [10, 1, 0.52943484045338629], [10, 2, 0.50701641757648197], [10, 3, 0.45507561514247091], [10, 4, 0.42509468136657136], [10, 5, 0.47697880564782441], [10, 6, 0.44636018319910914], [10, 7, 0.54959258824429869], [10, 8, 0.42584814276629152], [10, 9, 0.56752980012011611], [10, 10, 1.0], [10, 11, 0.33710679987693115], [10, 12, 0.28135185279735975], [10, 13, 0.47713075871729566], [10, 14, 0.30810242164915552], [10, 15, 0.3505273236776647], [10, 16, 0.46788978526926062], [10, 17, 0.49655574571925082], [10, 18, 0.24858269749150694], [10, 19, 0.41856422707823199], [10, 20, 0.31373353643423491], [10, 21, 0.50166640018013486], [10, 22, 0.37376988303357367], [10, 23, 0.28670487711393688], [10, 24, 0.39472284716106565], [11, 0, 0.18538205550901432], [11, 1, 0.28055831788165619], [11, 2, 0.50686313792152271], [11, 3, 0.14891775918196423], [11, 4, 0.093793696628300699], [11, 5, 0.17703872983692243], [11, 6, 0.28881002701046576], [11, 7, 0.33452323803132533], [11, 8, 0.33142749060874077], [11, 9, 0.39524813754917115], [11, 10, 0.33710679987693115], [11, 11, 1.0], [11, 12, 0.68090167801590451], [11, 13, 0.21313731739476799], [11, 14, 0.37345134397801893], [11, 15, 0.38630004695911146], [11, 16, 0.49930150578450361], [11, 17, 0.32009606215591491], [11, 18, 0.52254809768219102], [11, 19, 0.34766109774265153], [11, 20, 0.40202385903453602], [11, 21, 0.44931123758053876], [11, 22, 0.15089595733544614], [11, 23, 0.50855978747072694], [11, 24, 0.35790593746211352], [12, 0, 0.2798052324938422], [12, 1, 0.3597799387586898], [12, 2, 0.47689771016545635], [12, 3, 0.18487569135786072], [12, 4, 0.24704760404368487], [12, 5, 0.30381862136940319], [12, 6, 0.35571088558314612], [12, 7, 0.25156361417798634], [12, 8, 0.40056722295879732], [12, 9, 0.31926930050339081], [12, 10, 0.28135185279735975], [12, 11, 0.68090167801590451], [12, 12, 1.0], [12, 13, 0.195225893501978], [12, 14, 0.27249877860902988], [12, 15, 0.248514570585817], [12, 16, 0.53933262598863496], [12, 17, 0.37084921302607787], [12, 18, 0.40268518752124471], [12, 19, 0.33114494089220498], [12, 20, 0.3116936404396955], [12, 21, 0.41003709563529944], [12, 22, 0.031236708318778207], [12, 23, 0.30454641646479258], [12, 24, 0.18401424061181554], [13, 0, 0.51886130012239584], [13, 1, 0.4884160476911526], [13, 2, 0.44390824795805667], [13, 3, 0.61036776299103468], [13, 4, 0.49226423857309887], [13, 5, 0.51928758729662594], [13, 6, 0.45701243027881838], [13, 7, 0.51166443714656484], [13, 8, 0.48501823590506982], [13, 9, 0.40965983839644127], [13, 10, 0.47713075871729566], [13, 11, 0.21313731739476799], [13, 12, 0.195225893501978], [13, 13, 1.0], [13, 14, 0.33283254396840378], [13, 15, 0.37146916580220218], [13, 16, 0.44463829428826701], [13, 17, 0.55276910652216782], [13, 18, 0.18608293144314503], [13, 19, 0.62719820092125167], [13, 20, 0.33150101152223482], [13, 21, 0.55395531527701125], [13, 22, 0.36869105098998356], [13, 23, 0.26174213345449276], [13, 24, 0.31188809357116437], [14, 0, 0.11003492106477726], [14, 1, 0.16393389469277722], [14, 2, 0.31151779918004957], [14, 3, 0.1805003067193198], [14, 4, 0.0070322214824847049], [14, 5, 0.18407583142382433], [14, 6, 0.091383407288401136], [14, 7, 0.22929645403154322], [14, 8, 0.051588449041889611], [14, 9, 0.25280383095944453], [14, 10, 0.30810242164915552], [14, 11, 0.37345134397801893], [14, 12, 0.27249877860902988], [14, 13, 0.33283254396840378], [14, 14, 1.0], [14, 15, 0.49023442347497875], [14, 16, 0.31706626125282589], [14, 17, 0.1996651718604989], [14, 18, 0.6828545892722504], [14, 19, 0.30231031652210377], [14, 20, 0.51597478002403308], [14, 21, 0.39189443669551394], [14, 22, 0.27710909520255905], [14, 23, 0.54727560309320189], [14, 24, 0.36684133203072911], [15, 0, -0.050920310560333713], [15, 1, 0.017179974384165176], [15, 2, 0.3599048772805179], [15, 3, 0.34771949470820773], [15, 4, -0.12815621195561808], [15, 5, -0.03516328832873275], [15, 6, 0.18155679737264532], [15, 7, 0.34861902517526511], [15, 8, 0.11335493577575184], [15, 9, 0.23375057759465953], [15, 10, 0.3505273236776647], [15, 11, 0.38630004695911146], [15, 12, 0.248514570585817], [15, 13, 0.37146916580220218], [15, 14, 0.49023442347497875], [15, 15, 1.0], [15, 16, 0.46973555934591854], [15, 17, 0.22826400356262877], [15, 18, 0.40891000002495609], [15, 19, 0.44557235671777434], [15, 20, 0.58234859482413937], [15, 21, 0.48436552768715474], [15, 22, 0.28697205932769071], [15, 23, 0.4739631686863639], [15, 24, 0.22922112315245838], [16, 0, 0.40392508739942129], [16, 1, 0.44249146866869155], [16, 2, 0.55596343835337247], [16, 3, 0.44366072077826557], [16, 4, 0.34028060529323645], [16, 5, 0.40880362233139605], [16, 6, 0.53653643027396336], [16, 7, 0.4612303432164], [16, 8, 0.48358736917978307], [16, 9, 0.43691397378616215], [16, 10, 0.46788978526926062], [16, 11, 0.49930150578450361], [16, 12, 0.53933262598863496], [16, 13, 0.44463829428826701], [16, 14, 0.31706626125282589], [16, 15, 0.46973555934591854], [16, 16, 1.0], [16, 17, 0.57694036544881222], [16, 18, 0.32103189942259724], [16, 19, 0.49323893463369017], [16, 20, 0.44548286885583732], [16, 21, 0.59411391399836666], [16, 22, 0.18399622878016458], [16, 23, 0.3004032588148482], [16, 24, 0.23801356904972146], [17, 0, 0.62017059395571561], [17, 1, 0.65078519448441274], [17, 2, 0.6290083499831175], [17, 3, 0.46915646436997888], [17, 4, 0.57021175782023081], [17, 5, 0.58984453240003032], [17, 6, 0.65421515366009064], [17, 7, 0.49918558160852633], [17, 8, 0.60853160997824685], [17, 9, 0.56792370315374885], [17, 10, 0.49655574571925082], [17, 11, 0.32009606215591491], [17, 12, 0.37084921302607787], [17, 13, 0.55276910652216782], [17, 14, 0.1996651718604989], [17, 15, 0.22826400356262877], [17, 16, 0.57694036544881222], [17, 17, 1.0], [17, 18, 0.13379917369897526], [17, 19, 0.64181619612618901], [17, 20, 0.31616310064552944], [17, 21, 0.65690399179826964], [17, 22, 0.23523194651952875], [17, 23, 0.21439946143906019], [17, 24, 0.38467844028972159], [18, 0, 0.0371679789670862], [18, 1, 0.11364327725091777], [18, 2, 0.32364597690972263], [18, 3, 0.092817733169861874], [18, 4, -0.067893374332921488], [18, 5, 0.05677433462017057], [18, 6, 0.014226240312121463], [18, 7, 0.17544850817069657], [18, 8, 0.039301958815203403], [18, 9, 0.24226004165383927], [18, 10, 0.24858269749150694], [18, 11, 0.52254809768219102], [18, 12, 0.40268518752124471], [18, 13, 0.18608293144314503], [18, 14, 0.6828545892722504], [18, 15, 0.40891000002495609], [18, 16, 0.32103189942259724], [18, 17, 0.13379917369897526], [18, 18, 1.0], [18, 19, 0.19599576719852957], [18, 20, 0.46426261626469562], [18, 21, 0.3176835179352705], [18, 22, 0.2163226052653798], [18, 23, 0.62385418465018805], [18, 24, 0.34115817559932554], [19, 0, 0.46704238342211724], [19, 1, 0.50642394017491821], [19, 2, 0.55177923888688651], [19, 3, 0.56900996190746111], [19, 4, 0.42267832594164528], [19, 5, 0.47867694776734693], [19, 6, 0.53437210744644115], [19, 7, 0.51677341889850448], [19, 8, 0.55975063443980033], [19, 9, 0.5117498149609998], [19, 10, 0.41856422707823199], [19, 11, 0.34766109774265153], [19, 12, 0.33114494089220498], [19, 13, 0.62719820092125167], [19, 14, 0.30231031652210377], [19, 15, 0.44557235671777434], [19, 16, 0.49323893463369017], [19, 17, 0.64181619612618901], [19, 18, 0.19599576719852957], [19, 19, 1.0], [19, 20, 0.41532267757075081], [19, 21, 0.76637870839533273], [19, 22, 0.3106058445987428], [19, 23, 0.39726480180493179], [19, 24, 0.46415264840800297], [20, 0, 0.1147916794839807], [20, 1, 0.20297914626378757], [20, 2, 0.41688057912105742], [20, 3, 0.31446590210530229], [20, 4, 0.04466862090813848], [20, 5, 0.1489538724017925], [20, 6, 0.2576266967492632], [20, 7, 0.28084549940020376], [20, 8, 0.21805670273460584], [20, 9, 0.29141049342623054], [20, 10, 0.31373353643423491], [20, 11, 0.40202385903453602], [20, 12, 0.3116936404396955], [20, 13, 0.33150101152223482], [20, 14, 0.51597478002403308], [20, 15, 0.58234859482413937], [20, 16, 0.44548286885583732], [20, 17, 0.31616310064552944], [20, 18, 0.46426261626469562], [20, 19, 0.41532267757075081], [20, 20, 1.0], [20, 21, 0.47479303496748576], [20, 22, 0.15854850748684499], [20, 23, 0.50034616024669887], [20, 24, 0.29253526992861845], [21, 0, 0.46010148519156879], [21, 1, 0.50093107870002718], [21, 2, 0.60195262920779091], [21, 3, 0.4861574227134961], [21, 4, 0.41025438290270594], [21, 5, 0.45254826975624102], [21, 6, 0.50525662052869391], [21, 7, 0.49758715835288336], [21, 8, 0.55608500993235688], [21, 9, 0.56768599394146113], [21, 10, 0.50166640018013486], [21, 11, 0.44931123758053876], [21, 12, 0.41003709563529944], [21, 13, 0.55395531527701125], [21, 14, 0.39189443669551394], [21, 15, 0.48436552768715474], [21, 16, 0.59411391399836666], [21, 17, 0.65690399179826964], [21, 18, 0.3176835179352705], [21, 19, 0.76637870839533273], [21, 20, 0.47479303496748576], [21, 21, 1.0], [21, 22, 0.23869867708969866], [21, 23, 0.49413707167408927], [21, 24, 0.48622357946392453], [22, 0, 0.17295025305818412], [22, 1, 0.17349156954162737], [22, 2, 0.22339530472425603], [22, 3, 0.31038844709906727], [22, 4, 0.081074378476613876], [22, 5, 0.15482040912381048], [22, 6, 0.18079803785996962], [22, 7, 0.51886518080506094], [22, 8, 0.12274580879371358], [22, 9, 0.30185545544129072], [22, 10, 0.37376988303357367], [22, 11, 0.15089595733544614], [22, 12, 0.031236708318778207], [22, 13, 0.36869105098998356], [22, 14, 0.27710909520255905], [22, 15, 0.28697205932769071], [22, 16, 0.18399622878016458], [22, 17, 0.23523194651952875], [22, 18, 0.2163226052653798], [22, 19, 0.3106058445987428], [22, 20, 0.15854850748684499], [22, 21, 0.23869867708969866], [22, 22, 1.0], [22, 23, 0.33171434493979746], [22, 24, 0.34525720316368336], [23, 0, 0.048522542811240202], [23, 1, 0.13731559991862161], [23, 2, 0.37486427426865232], [23, 3, 0.14762401600930644], [23, 4, -0.079750383436965694], [23, 5, 0.044859783338754462], [23, 6, 0.057734292803554688], [23, 7, 0.31156526457806544], [23, 8, 0.11047602696860345], [23, 9, 0.34094671126746218], [23, 10, 0.28670487711393688], [23, 11, 0.50855978747072694], [23, 12, 0.30454641646479258], [23, 13, 0.26174213345449276], [23, 14, 0.54727560309320189], [23, 15, 0.4739631686863639], [23, 16, 0.3004032588148482], [23, 17, 0.21439946143906019], [23, 18, 0.62385418465018805], [23, 19, 0.39726480180493179], [23, 20, 0.50034616024669887], [23, 21, 0.49413707167408927], [23, 22, 0.33171434493979746], [23, 23, 1.0], [23, 24, 0.53033363902244257], [24, 0, 0.32948511714425666], [24, 1, 0.36928244296509227], [24, 2, 0.46075735539221524], [24, 3, 0.2367672561401615], [24, 4, 0.21207146720275458], [24, 5, 0.32911059162593437], [24, 6, 0.33108984615021453], [24, 7, 0.38901290211774514], [24, 8, 0.2926458667862345], [24, 9, 0.48634271991435096], [24, 10, 0.39472284716106565], [24, 11, 0.35790593746211352], [24, 12, 0.18401424061181554], [24, 13, 0.31188809357116437], [24, 14, 0.36684133203072911], [24, 15, 0.22922112315245838], [24, 16, 0.23801356904972146], [24, 17, 0.38467844028972159], [24, 18, 0.34115817559932554], [24, 19, 0.46415264840800297], [24, 20, 0.29253526992861845], [24, 21, 0.48622357946392453], [24, 22, 0.34525720316368336], [24, 23, 0.53033363902244257], [24, 24, 1.0]];

    data = data.map(function (item) {
      return [item[1], item[0], item[2]];
    });

    this.correlationChart = {
      tooltip: {
        position: 'top'
      },
      animation: false,
      grid: {
        height: '70%',
        y: '5%',
        x: '15%'
      },
      xAxis: {
        type: 'category',
        data: this.targetList,
        splitArea: {
          show: true
        },
        splitNumber: 1,
        axisLabel: {
          interval: 0,
          show: true,
          rotate: 60,
          textStyle: {
            fontSize: 10
          }
        }
      },
      yAxis: {
        type: 'category',
        data: this.targetList,
        splitArea: {
          show: false
        },
        axisLabel: {
          interval: 0,
          textStyle: {
            fontSize: 10
          }
        }
      },
      visualMap: {
        min: 0.0,
        max: 1.0,
        calculable: true,
        orient: 'horizontal',
        left: 'center',
        bottom: '5%',
        precision: 5
      },
      series: [{
        name: 'Punch Card',
        type: 'heatmap',
        data: data,
        label: {
          normal: {
            show: false
          }
        },
        itemStyle: {
          emphasis: {
            shadowBlur: 8,
            shadowColor: 'rgba(0, 0, 0, 0.5)'
          }
        }
      }]
    }
  }

  private initXXChart() {
    // console.log(dataTool);
    const data = dataTool.prepareBoxplotData([
      [0.500, 0.542, 0.500, 0.500, 0.500, 0.500, 0.500, 0.637, 0.880, 0.784, 0.740, 0.773, 0.631, 0.468, 0.853, 0.514, 0.843, 0.683, 0.828, 0.837, 0.840, 0.840, 0.915, 0.716, 0.509, 0.892, 0.701, 0.555, 0.921, 0.878, 0.824, 0.628, 0.737, 0.815, 0.838, 0.626, 0.888, 0.893, 0.749, 0.893, 0.785, 0.819, 0.916, 0.850, 0.870, 0.806, 0.464, 0.733, 0.940, 0.857, 0.890, 0.591, 0.929, 0.691, 0.859, 0.724, 0.801, 0.890, 0.825, 0.800, 0.815, 0.923, 0.870, 0.604, 0.893, 0.782, 0.761, 0.834, 0.855, 0.652, 0.747, 0.505, 0.877, 0.827, 0.891, 0.825, 0.455, 0.744, 0.681, 0.805, 0.818, 0.816, 0.840, 0.719, 0.871, 0.882, 0.928, 0.775, 0.815, 0.824, 0.879, 0.713, 0.824, 0.826, 0.770, 0.845, 0.532, 0.909, 0.807, 0.888, 0.569, 0.861, 0.740, 0.813, 0.581, 0.573, 0.784, 0.652, 0.700, 0.852, 0.922, 0.715, 0.811, 0.885, 0.855, 0.638, 0.905, 0.783, 0.758, 0.803, 0.630, 0.425, 0.792, 0.738, 0.697, 0.797, 0.909, 0.632, 0.693, 0.820, 0.781, 0.558, 0.859, 0.849, 0.450, 0.713, 0.658, 0.315, 0.784, 0.891, 0.893, 0.257, 0.773, 0.522, 0.550, 0.845, 0.649, 0.707, 0.821, 0.415, 0.342, 0.788, 0.856, 0.757, 0.879, 0.747, 0.765, 0.783, 0.344, 0.730, 0.752, 0.627, 0.462, 0.640, 0.432, 0.715, 0.893, 0.678, 0.861, 0.848, 0.779, 0.560, 0.455, 0.843, 0.880, 0.894, 0.586, 0.924, 0.634, 0.510, 0.880, 0.838, 0.879, 0.880, 0.454, 0.863, 0.826, 0.803, 0.714, 0.830, 0.916, 0.845, 0.912, 0.724, 0.705, 0.910, 0.885, 0.883, 0.830, 0.846, 0.837, 0.819, 0.891, 0.833, 0.895, 0.896, 0.811, 0.729, 0.681, 0.279, 0.816, 0.503, 0.692, 0.379, 0.898, 0.608, 0.639, 0.611, 0.500, 0.851, 0.479, 0.892, 0.898, 0.821, 0.732, 0.670, 0.830, 0.881, 0.918, 0.766, 0.893, 0.706, 0.668, 0.638, 0.911, 0.387, 0.662, 0.492, 0.736, 0.776, 0.889, 0.877, 0.870, 0.822, 0.659, 0.883, 0.680, 0.500, 0.862, 0.559, 0.743, 0.920, 0.539, 0.433, 0.256, 0.562, 0.776, 0.417, 0.379, 0.587, 0.816, 0.737, 0.899, 0.648, 0.267, 0.577, 0.702, 0.894, 0.643, 0.544, 0.809, 0.615, 0.435, 0.623, 0.513, 0.703, 0.607, 0.755, 0.796, 0.435, 0.723, 0.793, 0.748, 0.835, 0.275, 0.250, 0.863, 0.557, 0.629, 0.364, 0.891, 0.567, 0.641, 0.866, 0.741, 0.614, 0.599, 0.893, 0.797, 0.462, 0.462, 0.643, 0.903, 0.748, 0.648, 0.876, 0.715, 0.504, 0.677, 0.491, 0.692, 0.701, 0.374, 0.639, 0.853, 0.541, 0.497, 0.760, 0.841, 0.686, 0.633, 0.738, 0.725, 0.896, 0.687, 0.642, 0.807, 0.917, 0.681, 0.844, 0.841, 0.887, 0.708, 0.770, 0.913, 0.713, 0.490, 0.788, 0.346, 0.882, 0.830, 0.887, 0.888, 0.854, 0.824, 0.909, 0.628, 0.239, 0.903, 0.680, 0.686, 0.760, 0.734, 0.800, 0.649, 0.811, 0.670, 0.820, 0.886, 0.829, 0.936, 0.813, 0.944, 0.491, 0.821, 0.639, 0.812, 0.801, 0.768, 0.821, 0.725, 0.715, 0.830, 0.889, 0.904, 0.885, 0.915, 0.736, 0.783, 0.883, 0.840, 0.500, 0.740, 0.888, 0.783, 0.784, 0.617, 0.847, 0.750, 0.431, 0.743, 0.877, 0.862, 0.821, 0.777, 0.765, 0.780, 0.288, 0.877, 0.722, 0.433, 0.891, 0.778, 0.319, 0.896, 0.870, 0.758, 0.688, 0.692, 0.883, 0.721, 0.624, 0.689, 0.437, 0.784, 0.750, 0.784, 0.427, 0.761, 0.892, 0.790, 0.729, 0.673, 0.825, 0.880, 0.797, 0.820, 0.767, 0.837, 0.900, 0.729, 0.854, 0.886, 0.704, 0.600, 0.807, 0.849, 0.721, 0.882, 0.475, 0.500, 0.839, 0.746, 0.622, 0.500]
      , [0.500, 0.580, 0.500, 0.500, 0.500, 0.500, 0.500, 0.799, 0.864, 0.817, 0.660, 0.836, 0.646, 0.530, 0.820, 0.663, 0.841, 0.817, 0.679, 0.699, 0.879, 0.851, 0.799, 0.756, 0.674, 0.713, 0.833, 0.608, 0.864, 0.737, 0.770, 0.494, 0.703, 0.898, 0.848, 0.654, 0.756, 0.841, 0.793, 0.862, 0.782, 0.773, 0.842, 0.812, 0.843, 0.714, 0.621, 0.807, 0.919, 0.836, 0.803, 0.784, 0.903, 0.702, 0.869, 0.879, 0.692, 0.852, 0.842, 0.846, 0.669, 0.897, 0.892, 0.683, 0.878, 0.778, 0.650, 0.848, 0.833, 0.808, 0.725, 0.685, 0.777, 0.858, 0.736, 0.682, 0.660, 0.834, 0.767, 0.549, 0.762, 0.751, 0.821, 0.702, 0.858, 0.865, 0.860, 0.756, 0.773, 0.726, 0.780, 0.857, 0.839, 0.870, 0.762, 0.700, 0.687, 0.900, 0.766, 0.844, 0.615, 0.832, 0.680, 0.789, 0.867, 0.669, 0.817, 0.532, 0.624, 0.651, 0.772, 0.783, 0.842, 0.867, 0.886, 0.807, 0.868, 0.770, 0.647, 0.783, 0.644, 0.407, 0.706, 0.808, 0.780, 0.732, 0.869, 0.863, 0.815, 0.825, 0.866, 0.855, 0.820, 0.836, 0.634, 0.684, 0.711, 0.156, 0.847, 0.861, 0.875, 0.526, 0.729, 0.734, 0.453, 0.826, 0.664, 0.791, 0.825, 0.536, 0.485, 0.808, 0.864, 0.829, 0.796, 0.765, 0.690, 0.753, 0.601, 0.733, 0.778, 0.712, 0.602, 0.714, 0.638, 0.741, 0.664, 0.663, 0.897, 0.803, 0.844, 0.587, 0.600, 0.880, 0.844, 0.806, 0.537, 0.906, 0.560, 0.667, 0.788, 0.755, 0.870, 0.752, 0.565, 0.750, 0.854, 0.855, 0.782, 0.864, 0.905, 0.872, 0.920, 0.795, 0.843, 0.898, 0.852, 0.847, 0.782, 0.778, 0.850, 0.839, 0.863, 0.870, 0.843, 0.857, 0.761, 0.717, 0.678, 0.416, 0.723, 0.641, 0.641, 0.509, 0.861, 0.610, 0.676, 0.635, 0.587, 0.694, 0.776, 0.858, 0.866, 0.883, 0.830, 0.806, 0.733, 0.865, 0.893, 0.818, 0.723, 0.665, 0.750, 0.482, 0.869, 0.649, 0.783, 0.712, 0.738, 0.841, 0.865, 0.894, 0.914, 0.857, 0.747, 0.843, 0.604, 0.500, 0.808, 0.545, 0.576, 0.963, 0.735, 0.632, 0.247, 0.660, 0.861, 0.715, 0.346, 0.563, 0.779, 0.749, 0.801, 0.663, 0.433, 0.598, 0.570, 0.860, 0.478, 0.323, 0.704, 0.727, 0.508, 0.604, 0.551, 0.601, 0.481, 0.633, 0.659, 0.340, 0.712, 0.848, 0.729, 0.856, 0.252, 0.262, 0.794, 0.771, 0.824, 0.384, 0.794, 0.596, 0.604, 0.672, 0.763, 0.486, 0.552, 0.868, 0.868, 0.498, 0.637, 0.835, 0.873, 0.636, 0.609, 0.744, 0.850, 0.701, 0.736, 0.613, 0.705, 0.488, 0.505, 0.723, 0.854, 0.605, 0.571, 0.848, 0.786, 0.840, 0.769, 0.747, 0.754, 0.861, 0.649, 0.591, 0.765, 0.923, 0.773, 0.802, 0.898, 0.882, 0.661, 0.796, 0.874, 0.756, 0.677, 0.596, 0.760, 0.790, 0.871, 0.842, 0.864, 0.829, 0.728, 0.879, 0.566, 0.394, 0.840, 0.783, 0.553, 0.639, 0.786, 0.850, 0.707, 0.831, 0.601, 0.880, 0.861, 0.902, 0.870, 0.797, 0.871, 0.642, 0.793, 0.751, 0.777, 0.832, 0.728, 0.850, 0.728, 0.742, 0.606, 0.776, 0.812, 0.847, 0.880, 0.744, 0.821, 0.801, 0.798, 0.500, 0.717, 0.847, 0.848, 0.717, 0.703, 0.817, 0.856, 0.520, 0.846, 0.859, 0.903, 0.762, 0.742, 0.745, 0.849, 0.427, 0.891, 0.709, 0.621, 0.864, 0.736, 0.353, 0.871, 0.840, 0.619, 0.794, 0.800, 0.881, 0.868, 0.654, 0.496, 0.476, 0.739, 0.728, 0.705, 0.480, 0.624, 0.885, 0.835, 0.772, 0.747, 0.839, 0.789, 0.835, 0.890, 0.639, 0.848, 0.878, 0.721, 0.877, 0.774, 0.675, 0.798, 0.878, 0.760, 0.743, 0.867, 0.655, 0.500, 0.756, 0.711, 0.827, 0.500]
      , [0.500, 0.610, 0.500, 0.500, 0.500, 0.500, 0.500, 0.640, 0.807, 0.632, 0.683, 0.835, 0.734, 0.686, 0.791, 0.637, 0.854, 0.848, 0.793, 0.836, 0.725, 0.805, 0.888, 0.729, 0.811, 0.707, 0.859, 0.766, 0.863, 0.827, 0.647, 0.797, 0.807, 0.911, 0.906, 0.783, 0.665, 0.900, 0.688, 0.850, 0.875, 0.880, 0.892, 0.850, 0.837, 0.626, 0.805, 0.728, 0.900, 0.797, 0.893, 0.792, 0.828, 0.521, 0.755, 0.771, 0.779, 0.871, 0.826, 0.859, 0.721, 0.832, 0.884, 0.706, 0.888, 0.860, 0.834, 0.783, 0.836, 0.786, 0.788, 0.840, 0.780, 0.845, 0.850, 0.894, 0.886, 0.801, 0.729, 0.836, 0.773, 0.739, 0.835, 0.926, 0.860, 0.856, 0.862, 0.822, 0.864, 0.789, 0.857, 0.864, 0.851, 0.553, 0.856, 0.719, 0.776, 0.747, 0.758, 0.828, 0.777, 0.829, 0.824, 0.788, 0.864, 0.671, 0.796, 0.707, 0.876, 0.679, 0.537, 0.784, 0.774, 0.698, 0.889, 0.807, 0.705, 0.733, 0.773, 0.826, 0.785, 0.747, 0.674, 0.869, 0.610, 0.655, 0.745, 0.736, 0.771, 0.572, 0.740, 0.720, 0.810, 0.823, 0.667, 0.670, 0.783, 0.298, 0.786, 0.904, 0.759, 0.755, 0.592, 0.667, 0.625, 0.830, 0.609, 0.702, 0.819, 0.554, 0.244, 0.838, 0.701, 0.857, 0.485, 0.808, 0.800, 0.807, 0.596, 0.846, 0.732, 0.772, 0.741, 0.914, 0.803, 0.829, 0.721, 0.660, 0.890, 0.826, 0.792, 0.706, 0.611, 0.861, 0.855, 0.738, 0.712, 0.766, 0.720, 0.809, 0.804, 0.762, 0.852, 0.706, 0.739, 0.769, 0.841, 0.785, 0.834, 0.854, 0.766, 0.756, 0.910, 0.646, 0.797, 0.703, 0.844, 0.819, 0.711, 0.624, 0.790, 0.839, 0.853, 0.801, 0.870, 0.864, 0.844, 0.742, 0.792, 0.463, 0.693, 0.644, 0.734, 0.700, 0.856, 0.874, 0.738, 0.562, 0.518, 0.862, 0.625, 0.854, 0.850, 0.826, 0.677, 0.884, 0.650, 0.863, 0.829, 0.823, 0.839, 0.868, 0.663, 0.786, 0.723, 0.670, 0.864, 0.844, 0.361, 0.878, 0.845, 0.849, 0.741, 0.790, 0.748, 0.739, 0.637, 0.500, 0.686, 0.715, 0.686, 0.910, 0.827, 0.344, 0.779, 0.828, 0.537, 0.753, 0.526, 0.515, 0.787, 0.796, 0.749, 0.580, 0.464, 0.685, 0.802, 0.793, 0.600, 0.567, 0.680, 0.607, 0.657, 0.664, 0.629, 0.690, 0.524, 0.733, 0.702, 0.450, 0.659, 0.846, 0.809, 0.823, 0.654, 0.650, 0.724, 0.754, 0.765, 0.788, 0.825, 0.699, 0.672, 0.613, 0.648, 0.762, 0.683, 0.844, 0.624, 0.344, 0.789, 0.785, 0.814, 0.650, 0.423, 0.680, 0.717, 0.622, 0.776, 0.712, 0.810, 0.695, 0.536, 0.687, 0.628, 0.716, 0.683, 0.705, 0.806, 0.854, 0.864, 0.801, 0.836, 0.867, 0.746, 0.779, 0.782, 0.848, 0.736, 0.893, 0.912, 0.779, 0.732, 0.700, 0.890, 0.835, 0.672, 0.791, 0.617, 0.848, 0.684, 0.846, 0.806, 0.865, 0.796, 0.887, 0.573, 0.577, 0.880, 0.801, 0.575, 0.720, 0.873, 0.854, 0.686, 0.793, 0.881, 0.871, 0.807, 0.863, 0.831, 0.757, 0.832, 0.708, 0.707, 0.808, 0.815, 0.885, 0.648, 0.727, 0.466, 0.835, 0.804, 0.804, 0.818, 0.839, 0.806, 0.861, 0.880, 0.857, 0.720, 0.500, 0.870, 0.836, 0.813, 0.871, 0.637, 0.875, 0.767, 0.789, 0.788, 0.796, 0.660, 0.722, 0.605, 0.667, 0.869, 0.803, 0.827, 0.809, 0.816, 0.789, 0.778, 0.619, 0.915, 0.866, 0.711, 0.639, 0.872, 0.838, 0.707, 0.829, 0.665, 0.778, 0.856, 0.751, 0.857, 0.846, 0.756, 0.770, 0.827, 0.856, 0.753, 0.841, 0.861, 0.839, 0.827, 0.653, 0.811, 0.874, 0.664, 0.817, 0.782, 0.614, 0.602, 0.861, 0.803, 0.851, 0.839, 0.784, 0.500, 0.855, 0.611, 0.828, 0.500]
      , [0.500, 0.499, 0.500, 0.500, 0.500, 0.500, 0.500, 0.525, 0.750, 0.433, 0.658, 0.744, 0.580, 0.423, 0.571, 0.748, 0.825, 0.733, 0.614, 0.588, 0.772, 0.793, 0.877, 0.787, 0.717, 0.676, 0.833, 0.540, 0.846, 0.697, 0.721, 0.538, 0.650, 0.799, 0.730, 0.821, 0.724, 0.833, 0.508, 0.696, 0.655, 0.861, 0.676, 0.569, 0.584, 0.557, 0.313, 0.295, 0.677, 0.739, 0.827, 0.602, 0.621, 0.648, 0.367, 0.785, 0.751, 0.797, 0.832, 0.729, 0.513, 0.768, 0.809, 0.543, 0.821, 0.778, 0.861, 0.701, 0.827, 0.539, 0.792, 0.793, 0.703, 0.732, 0.849, 0.702, 0.501, 0.735, 0.528, 0.543, 0.813, 0.549, 0.810, 0.680, 0.833, 0.859, 0.756, 0.712, 0.701, 0.562, 0.778, 0.548, 0.750, 0.644, 0.838, 0.791, 0.642, 0.736, 0.770, 0.769, 0.782, 0.658, 0.718, 0.675, 0.656, 0.563, 0.690, 0.816, 0.843, 0.471, 0.567, 0.832, 0.646, 0.709, 0.779, 0.788, 0.728, 0.669, 0.531, 0.488, 0.692, 0.481, 0.407, 0.608, 0.391, 0.409, 0.678, 0.692, 0.439, 0.569, 0.447, 0.700, 0.815, 0.827, 0.752, 0.759, 0.437, 0.485, 0.470, 0.535, 0.518, 0.456, 0.528, 0.652, 0.448, 0.749, 0.572, 0.711, 0.696, 0.521, 0.323, 0.839, 0.645, 0.756, 0.694, 0.446, 0.708, 0.435, 0.728, 0.837, 0.774, 0.591, 0.209, 0.846, 0.475, 0.676, 0.762, 0.653, 0.721, 0.694, 0.817, 0.341, 0.479, 0.633, 0.807, 0.698, 0.817, 0.892, 0.697, 0.371, 0.844, 0.646, 0.846, 0.675, 0.678, 0.501, 0.712, 0.767, 0.765, 0.427, 0.834, 0.724, 0.637, 0.851, 0.398, 0.780, 0.844, 0.719, 0.719, 0.759, 0.851, 0.658, 0.690, 0.870, 0.845, 0.804, 0.764, 0.519, 0.600, 0.327, 0.695, 0.677, 0.664, 0.353, 0.806, 0.714, 0.567, 0.580, 0.505, 0.678, 0.491, 0.858, 0.708, 0.443, 0.696, 0.674, 0.616, 0.728, 0.878, 0.709, 0.597, 0.690, 0.586, 0.473, 0.628, 0.698, 0.770, 0.525, 0.405, 0.783, 0.586, 0.731, 0.532, 0.525, 0.447, 0.748, 0.773, 0.500, 0.593, 0.530, 0.750, 0.840, 0.798, 0.809, 0.308, 0.395, 0.424, 0.547, 0.495, 0.425, 0.503, 0.520, 0.480, 0.681, 0.543, 0.658, 0.552, 0.574, 0.494, 0.863, 0.630, 0.608, 0.377, 0.473, 0.574, 0.573, 0.438, 0.491, 0.699, 0.369, 0.650, 0.630, 0.590, 0.718, 0.581, 0.297, 0.780, 0.768, 0.453, 0.726, 0.831, 0.624, 0.522, 0.298, 0.522, 0.656, 0.463, 0.851, 0.412, 0.625, 0.355, 0.529, 0.601, 0.682, 0.626, 0.853, 0.657, 0.468, 0.804, 0.549, 0.760, 0.614, 0.643, 0.604, 0.535, 0.527, 0.602, 0.784, 0.697, 0.667, 0.673, 0.809, 0.699, 0.712, 0.539, 0.563, 0.559, 0.914, 0.633, 0.818, 0.894, 0.751, 0.538, 0.511, 0.771, 0.737, 0.440, 0.850, 0.385, 0.660, 0.504, 0.821, 0.582, 0.777, 0.701, 0.807, 0.626, 0.418, 0.754, 0.439, 0.698, 0.613, 0.575, 0.635, 0.599, 0.519, 0.741, 0.758, 0.673, 0.614, 0.454, 0.631, 0.702, 0.578, 0.715, 0.728, 0.696, 0.764, 0.669, 0.622, 0.639, 0.760, 0.641, 0.521, 0.792, 0.742, 0.730, 0.843, 0.525, 0.675, 0.640, 0.500, 0.749, 0.810, 0.626, 0.654, 0.815, 0.853, 0.670, 0.375, 0.585, 0.508, 0.602, 0.620, 0.618, 0.477, 0.488, 0.539, 0.733, 0.616, 0.719, 0.277, 0.761, 0.383, 0.658, 0.694, 0.697, 0.383, 0.666, 0.556, 0.541, 0.888, 0.405, 0.451, 0.570, 0.650, 0.639, 0.519, 0.823, 0.511, 0.561, 0.457, 0.446, 0.606, 0.532, 0.746, 0.684, 0.596, 0.610, 0.857, 0.805, 0.663, 0.760, 0.649, 0.707, 0.763, 0.666, 0.432, 0.501, 0.497, 0.500, 0.612, 0.294, 0.525, 0.500]
