{
  "data": [
    [0, 0, 1.0],
    [0, 1, 0.78834025879400738],
    [0, 2, 0.49705076911529589],
    [0, 3, 0.43671259376205329],
    [0, 4, 0.80479245455832393],
    [0, 5, 0.79322252017198491],
    [0, 6, 0.60019550927511012],
    [0, 7, 0.41077244688005854],
    [0, 8, 0.70407556079020273],
    [0, 9, 0.58561966037881152],
    [0, 10, 0.50972507866425065],
    [0, 11, 0.18538205550901432],
    [0, 12, 0.2798052324938422],
    [0, 13, 0.51886130012239584],
    [0, 14, 0.11003492106477726],
    [0, 15, -0.050920310560333713],
    [0, 16, 0.40392508739942129],
    [0, 17, 0.62017059395571561],
    [0, 18, 0.0371679789670862],
    [0, 19, 0.46704238342211724],
    [0, 20, 0.1147916794839807],
    [0, 21, 0.46010148519156879],
    [0, 22, 0.17295025305818412],
    [0, 23, 0.048522542811240202],
    [0, 24, 0.32948511714425666],
    [1, 0, 0.78834025879400738],
    [1, 1, 1.0],
    [1, 2, 0.54861905218113349],
    [1, 3, 0.38622511443197821],
    [1, 4, 0.70565824393254162],
    [1, 5, 0.70854783111062702],
    [1, 6, 0.57945069786181391],
    [1, 7, 0.45422202383424515],
    [1, 8, 0.68725874058652314],
    [1, 9, 0.6158168060939857],
    [1, 10, 0.52943484045338629],
    [1, 11, 0.28055831788165619],
    [1, 12, 0.3597799387586898],
    [1, 13, 0.4884160476911526],
    [1, 14, 0.16393389469277722],
    [1, 15, 0.017179974384165176],
    [1, 16, 0.44249146866869155],
    [1, 17, 0.65078519448441274],
    [1, 18, 0.11364327725091777],
    [1, 19, 0.50642394017491821],
    [1, 20, 0.20297914626378757],
    [1, 21, 0.50093107870002718],
    [1, 22, 0.17349156954162737],
    [1, 23, 0.13731559991862161],
    [1, 24, 0.36928244296509227],
    [2, 0, 0.49705076911529589],
    [2, 1, 0.54861905218113349],
    [2, 2, 1.0],
    [2, 3, 0.40132111685445343],
    [2, 4, 0.38687716097062691],
    [2, 5, 0.44043227057145645],
    [2, 6, 0.57272193604042598],
    [2, 7, 0.49570808336313327],
    [2, 8, 0.55194493798404665],
    [2, 9, 0.65849144530549197],
    [2, 10, 0.50701641757648197],
    [2, 11, 0.50686313792152271],
    [2, 12, 0.47689771016545635],
    [2, 13, 0.44390824795805667],
    [2, 14, 0.31151779918004957],
    [2, 15, 0.3599048772805179],
    [2, 16, 0.55596343835337247],
    [2, 17, 0.6290083499831175],
    [2, 18, 0.32364597690972263],
    [2, 19, 0.55177923888688651],
    [2, 20, 0.41688057912105742],
    [2, 21, 0.60195262920779091],
    [2, 22, 0.22339530472425603],
    [2, 23, 0.37486427426865232],
    [2, 24, 0.46075735539221524],
    [3, 0, 0.43671259376205329],
    [3, 1, 0.38622511443197821],
    [3, 2, 0.40132111685445343],
    [3, 3, 1.0],
    [3, 4, 0.41363880842353501],
    [3, 5, 0.44815590005080641],
    [3, 6, 0.54116488845998678],
    [3, 7, 0.53928425602365948],
    [3, 8, 0.44473860466278425],
    [3, 9, 0.37362120091695672],
    [3, 10, 0.45507561514247091],
    [3, 11, 0.14891775918196423],
    [3, 12, 0.18487569135786072],
    [3, 13, 0.61036776299103468],
    [3, 14, 0.1805003067193198],
    [3, 15, 0.34771949470820773],
    [3, 16, 0.44366072077826557],
    [3, 17, 0.46915646436997888],
    [3, 18, 0.092817733169861874],
    [3, 19, 0.56900996190746111],
    [3, 20, 0.31446590210530229],
    [3, 21, 0.4861574227134961],
    [3, 22, 0.31038844709906727],
    [3, 23, 0.14762401600930644],
    [3, 24, 0.2367672561401615],
    [4, 0, 0.80479245455832393],
    [4, 1, 0.70565824393254162],
    [4, 2, 0.38687716097062691],
    [4, 3, 0.41363880842353501],
    [4, 4, 1.0],
    [4, 5, 0.7817610551347064],
    [4, 6, 0.53713643650831],
    [4, 7, 0.31400734844749051],
    [4, 8, 0.69599484065771478],
    [4, 9, 0.43303305126419528],
    [4, 10, 0.42509468136657136],
    [4, 11, 0.093793696628300699],
    [4, 12, 0.24704760404368487],
    [4, 13, 0.49226423857309887],
    [4, 14, 0.0070322214824847049],
    [4, 15, -0.12815621195561808],
    [4, 16, 0.34028060529323645],
    [4, 17, 0.57021175782023081],
    [4, 18, -0.067893374332921488],
    [4, 19, 0.42267832594164528],
    [4, 20, 0.04466862090813848],
    [4, 21, 0.41025438290270594],
    [4, 22, 0.081074378476613876],
    [4, 23, -0.079750383436965694],
    [4, 24, 0.21207146720275458],
    [5, 0, 0.79322252017198491],
    [5, 1, 0.70854783111062702],
    [5, 2, 0.44043227057145645],
    [5, 3, 0.44815590005080641],
    [5, 4, 0.7817610551347064],
    [5, 5, 1.0],
    [5, 6, 0.60683223005891185],
    [5, 7, 0.40418346480915857],
    [5, 8, 0.67072926635600982],
    [5, 9, 0.48312352801308184],
    [5, 10, 0.47697880564782441],
    [5, 11, 0.17703872983692243],
    [5, 12, 0.30381862136940319],
    [5, 13, 0.51928758729662594],
    [5, 14, 0.18407583142382433],
    [5, 15, -0.03516328832873275],
    [5, 16, 0.40880362233139605],
    [5, 17, 0.58984453240003032],
    [5, 18, 0.05677433462017057],
    [5, 19, 0.47867694776734693],
    [5, 20, 0.1489538724017925],
    [5, 21, 0.45254826975624102],
    [5, 22, 0.15482040912381048],
    [5, 23, 0.044859783338754462],
    [5, 24, 0.32911059162593437],
    [6, 0, 0.60019550927511012],
    [6, 1, 0.57945069786181391],
    [6, 2, 0.57272193604042598],
    [6, 3, 0.54116488845998678],
    [6, 4, 0.53713643650831],
    [6, 5, 0.60683223005891185],
    [6, 6, 1.0],
    [6, 7, 0.56713614820717362],
    [6, 8, 0.64450163707625885],
    [6, 9, 0.52875469140833309],
    [6, 10, 0.44636018319910914],
    [6, 11, 0.28881002701046576],
    [6, 12, 0.35571088558314612],
    [6, 13, 0.45701243027881838],
    [6, 14, 0.091383407288401136],
    [6, 15, 0.18155679737264532],
    [6, 16, 0.53653643027396336],
    [6, 17, 0.65421515366009064],
    [6, 18, 0.014226240312121463],
    [6, 19, 0.53437210744644115],
    [6, 20, 0.2576266967492632],
    [6, 21, 0.50525662052869391],
    [6, 22, 0.18079803785996962],
    [6, 23, 0.057734292803554688],
    [6, 24, 0.33108984615021453],
    [7, 0, 0.41077244688005854],
    [7, 1, 0.45422202383424515],
    [7, 2, 0.49570808336313327],
    [7, 3, 0.53928425602365948],
    [7, 4, 0.31400734844749051],
    [7, 5, 0.40418346480915857],
    [7, 6, 0.56713614820717362],
    [7, 7, 1.0],
    [7, 8, 0.42575012729551964],
    [7, 9, 0.55354420268173798],
    [7, 10, 0.54959258824429869],
    [7, 11, 0.33452323803132533],
    [7, 12, 0.25156361417798634],
    [7, 13, 0.51166443714656484],
    [7, 14, 0.22929645403154322],
    [7, 15, 0.34861902517526511],
    [7, 16, 0.4612303432164],
    [7, 17, 0.49918558160852633],
    [7, 18, 0.17544850817069657],
    [7, 19, 0.51677341889850448],
    [7, 20, 0.28084549940020376],
    [7, 21, 0.49758715835288336],
    [7, 22, 0.51886518080506094],
    [7, 23, 0.31156526457806544],
    [7, 24, 0.38901290211774514],
    [8, 0, 0.70407556079020273],
    [8, 1, 0.68725874058652314],
    [8, 2, 0.55194493798404665],
    [8, 3, 0.44473860466278425],
    [8, 4, 0.69599484065771478],
    [8, 5, 0.67072926635600982],
    [8, 6, 0.64450163707625885],
    [8, 7, 0.42575012729551964],
    [8, 8, 1.0],
    [8, 9, 0.53177793832120746],
    [8, 10, 0.42584814276629152],
    [8, 11, 0.33142749060874077],
    [8, 12, 0.40056722295879732],
    [8, 13, 0.48501823590506982],
    [8, 14, 0.051588449041889611],
    [8, 15, 0.11335493577575184],
    [8, 16, 0.48358736917978307],
    [8, 17, 0.60853160997824685],
    [8, 18, 0.039301958815203403],
    [8, 19, 0.55975063443980033],
    [8, 20, 0.21805670273460584],
    [8, 21, 0.55608500993235688],
    [8, 22, 0.12274580879371358],
    [8, 23, 0.11047602696860345],
    [8, 24, 0.2926458667862345],
    [9, 0, 0.58561966037881152],
    [9, 1, 0.6158168060939857],
    [9, 2, 0.65849144530549197],
    [9, 3, 0.37362120091695672],
    [9, 4, 0.43303305126419528],
    [9, 5, 0.48312352801308184],
    [9, 6, 0.52875469140833309],
    [9, 7, 0.55354420268173798],
    [9, 8, 0.53177793832120746],
    [9, 9, 1.0],
    [9, 10, 0.56752980012011611],
    [9, 11, 0.39524813754917115],
    [9, 12, 0.31926930050339081],
    [9, 13, 0.40965983839644127],
    [9, 14, 0.25280383095944453],
    [9, 15, 0.23375057759465953],
    [9, 16, 0.43691397378616215],
    [9, 17, 0.56792370315374885],
    [9, 18, 0.24226004165383927],
    [9, 19, 0.5117498149609998],
    [9, 20, 0.29141049342623054],
    [9, 21, 0.56768599394146113],
    [9, 22, 0.30185545544129072],
    [9, 23, 0.34094671126746218],
    [9, 24, 0.48634271991435096],
    [10, 0, 0.50972507866425065],
    [10, 1, 0.52943484045338629],
    [10, 2, 0.50701641757648197],
    [10, 3, 0.45507561514247091],
    [10, 4, 0.42509468136657136],
    [10, 5, 0.47697880564782441],
    [10, 6, 0.44636018319910914],
    [10, 7, 0.54959258824429869],
    [10, 8, 0.42584814276629152],
    [10, 9, 0.56752980012011611],
    [10, 10, 1.0],
    [10, 11, 0.33710679987693115],
    [10, 12, 0.28135185279735975],
    [10, 13, 0.47713075871729566],
    [10, 14, 0.30810242164915552],
    [10, 15, 0.3505273236776647],
    [10, 16, 0.46788978526926062],
    [10, 17, 0.49655574571925082],
    [10, 18, 0.24858269749150694],
    [10, 19, 0.41856422707823199],
    [10, 20, 0.31373353643423491],
    [10, 21, 0.50166640018013486],
    [10, 22, 0.37376988303357367],
    [10, 23, 0.28670487711393688],
    [10, 24, 0.39472284716106565],
    [11, 0, 0.18538205550901432],
    [11, 1, 0.28055831788165619],
    [11, 2, 0.50686313792152271],
    [11, 3, 0.14891775918196423],
    [11, 4, 0.093793696628300699],
    [11, 5, 0.17703872983692243],
    [11, 6, 0.28881002701046576],
    [11, 7, 0.33452323803132533],
    [11, 8, 0.33142749060874077],
    [11, 9, 0.39524813754917115],
    [11, 10, 0.33710679987693115],
    [11, 11, 1.0],
    [11, 12, 0.68090167801590451],
    [11, 13, 0.21313731739476799],
    [11, 14, 0.37345134397801893],
    [11, 15, 0.38630004695911146],
    [11, 16, 0.49930150578450361],
    [11, 17, 0.32009606215591491],
    [11, 18, 0.52254809768219102],
    [11, 19, 0.34766109774265153],
    [11, 20, 0.40202385903453602],
    [11, 21, 0.44931123758053876],
    [11, 22, 0.15089595733544614],
    [11, 23, 0.50855978747072694],
    [11, 24, 0.35790593746211352],
    [12, 0, 0.2798052324938422],
    [12, 1, 0.3597799387586898],
    [12, 2, 0.47689771016545635],
    [12, 3, 0.18487569135786072],
    [12, 4, 0.24704760404368487],
    [12, 5, 0.30381862136940319],
    [12, 6, 0.35571088558314612],
    [12, 7, 0.25156361417798634],
    [12, 8, 0.40056722295879732],
    [12, 9, 0.31926930050339081],
    [12, 10, 0.28135185279735975],
    [12, 11, 0.68090167801590451],
    [12, 12, 1.0],
    [12, 13, 0.195225893501978],
    [12, 14, 0.27249877860902988],
    [12, 15, 0.248514570585817],
    [12, 16, 0.53933262598863496],
    [12, 17, 0.37084921302607787],
    [12, 18, 0.40268518752124471],
    [12, 19, 0.33114494089220498],
    [12, 20, 0.3116936404396955],
    [12, 21, 0.41003709563529944],
    [12, 22, 0.031236708318778207],
    [12, 23, 0.30454641646479258],
    [12, 24, 0.18401424061181554],
    [13, 0, 0.51886130012239584],
    [13, 1, 0.4884160476911526],
    [13, 2, 0.44390824795805667],
    [13, 3, 0.61036776299103468],
    [13, 4, 0.49226423857309887],
    [13, 5, 0.51928758729662594],
    [13, 6, 0.45701243027881838],
    [13, 7, 0.51166443714656484],
    [13, 8, 0.48501823590506982],
    [13, 9, 0.40965983839644127],
    [13, 10, 0.47713075871729566],
    [13, 11, 0.21313731739476799],
    [13, 12, 0.195225893501978],
    [13, 13, 1.0],
    [13, 14, 0.33283254396840378],
    [13, 15, 0.37146916580220218],
    [13, 16, 0.44463829428826701],
    [13, 17, 0.55276910652216782],
    [13, 18, 0.18608293144314503],
    [13, 19, 0.62719820092125167],
    [13, 20, 0.33150101152223482],
    [13, 21, 0.55395531527701125],
    [13, 22, 0.36869105098998356],
    [13, 23, 0.26174213345449276],
    [13, 24, 0.31188809357116437],
    [14, 0, 0.11003492106477726],
    [14, 1, 0.16393389469277722],
    [14, 2, 0.31151779918004957],
    [14, 3, 0.1805003067193198],
    [14, 4, 0.0070322214824847049],
    [14, 5, 0.18407583142382433],
    [14, 6, 0.091383407288401136],
    [14, 7, 0.22929645403154322],
    [14, 8, 0.051588449041889611],
    [14, 9, 0.25280383095944453],
    [14, 10, 0.30810242164915552],
    [14, 11, 0.37345134397801893],
    [14, 12, 0.27249877860902988],
    [14, 13, 0.33283254396840378],
    [14, 14, 1.0],
    [14, 15, 0.49023442347497875],
    [14, 16, 0.31706626125282589],
    [14, 17, 0.1996651718604989],
    [14, 18, 0.6828545892722504],
    [14, 19, 0.30231031652210377],
    [14, 20, 0.51597478002403308],
    [14, 21, 0.39189443669551394],
    [14, 22, 0.27710909520255905],
    [14, 23, 0.54727560309320189],
    [14, 24, 0.36684133203072911],
    [15, 0, -0.050920310560333713],
    [15, 1, 0.017179974384165176],
    [15, 2, 0.3599048772805179],
    [15, 3, 0.34771949470820773],
    [15, 4, -0.12815621195561808],
    [15, 5, -0.03516328832873275],
    [15, 6, 0.18155679737264532],
    [15, 7, 0.34861902517526511],
    [15, 8, 0.11335493577575184],
    [15, 9, 0.23375057759465953],
    [15, 10, 0.3505273236776647],
    [15, 11, 0.38630004695911146],
    [15, 12, 0.248514570585817],
    [15, 13, 0.37146916580220218],
    [15, 14, 0.49023442347497875],
    [15, 15, 1.0],
    [15, 16, 0.46973555934591854],
    [15, 17, 0.22826400356262877],
    [15, 18, 0.40891000002495609],
    [15, 19, 0.44557235671777434],
    [15, 20, 0.58234859482413937],
    [15, 21, 0.48436552768715474],
    [15, 22, 0.28697205932769071],
    [15, 23, 0.4739631686863639],
    [15, 24, 0.22922112315245838],
    [16, 0, 0.40392508739942129],
    [16, 1, 0.44249146866869155],
    [16, 2, 0.55596343835337247],
    [16, 3, 0.44366072077826557],
    [16, 4, 0.34028060529323645],
    [16, 5, 0.40880362233139605],
    [16, 6, 0.53653643027396336],
    [16, 7, 0.4612303432164],
    [16, 8, 0.48358736917978307],
    [16, 9, 0.43691397378616215],
    [16, 10, 0.46788978526926062],
    [16, 11, 0.49930150578450361],
    [16, 12, 0.53933262598863496],
    [16, 13, 0.44463829428826701],
    [16, 14, 0.31706626125282589],
    [16, 15, 0.46973555934591854],
    [16, 16, 1.0],
    [16, 17, 0.57694036544881222],
    [16, 18, 0.32103189942259724],
    [16, 19, 0.49323893463369017],
    [16, 20, 0.44548286885583732],
    [16, 21, 0.59411391399836666],
    [16, 22, 0.18399622878016458],
    [16, 23, 0.3004032588148482],
    [16, 24, 0.23801356904972146],
    [17, 0, 0.62017059395571561],
    [17, 1, 0.65078519448441274],
    [17, 2, 0.6290083499831175],
    [17, 3, 0.46915646436997888],
    [17, 4, 0.57021175782023081],
    [17, 5, 0.58984453240003032],
    [17, 6, 0.65421515366009064],
    [17, 7, 0.49918558160852633],
    [17, 8, 0.60853160997824685],
    [17, 9, 0.56792370315374885],
    [17, 10, 0.49655574571925082],
    [17, 11, 0.32009606215591491],
    [17, 12, 0.37084921302607787],
    [17, 13, 0.55276910652216782],
    [17, 14, 0.1996651718604989],
    [17, 15, 0.22826400356262877],
    [17, 16, 0.57694036544881222],
    [17, 17, 1.0],
    [17, 18, 0.13379917369897526],
    [17, 19, 0.64181619612618901],
    [17, 20, 0.31616310064552944],
    [17, 21, 0.65690399179826964],
    [17, 22, 0.23523194651952875],
    [17, 23, 0.21439946143906019],
    [17, 24, 0.38467844028972159],
    [18, 0, 0.0371679789670862],
    [18, 1, 0.11364327725091777],
    [18, 2, 0.32364597690972263],
    [18, 3, 0.092817733169861874],
    [18, 4, -0.067893374332921488],
    [18, 5, 0.05677433462017057],
    [18, 6, 0.014226240312121463],
    [18, 7, 0.17544850817069657],
    [18, 8, 0.039301958815203403],
    [18, 9, 0.24226004165383927],
    [18, 10, 0.24858269749150694],
    [18, 11, 0.52254809768219102],
    [18, 12, 0.40268518752124471],
    [18, 13, 0.18608293144314503],
    [18, 14, 0.6828545892722504],
    [18, 15, 0.40891000002495609],
    [18, 16, 0.32103189942259724],
    [18, 17, 0.13379917369897526],
    [18, 18, 1.0],
    [18, 19, 0.19599576719852957],
    [18, 20, 0.46426261626469562],
    [18, 21, 0.3176835179352705],
    [18, 22, 0.2163226052653798],
    [18, 23, 0.62385418465018805],
    [18, 24, 0.34115817559932554],
    [19, 0, 0.46704238342211724],
    [19, 1, 0.50642394017491821],
    [19, 2, 0.55177923888688651],
    [19, 3, 0.56900996190746111],
    [19, 4, 0.42267832594164528],
    [19, 5, 0.47867694776734693],
    [19, 6, 0.53437210744644115],
    [19, 7, 0.51677341889850448],
    [19, 8, 0.55975063443980033],
    [19, 9, 0.5117498149609998],
    [19, 10, 0.41856422707823199],
    [19, 11, 0.34766109774265153],
    [19, 12, 0.33114494089220498],
    [19, 13, 0.62719820092125167],
    [19, 14, 0.30231031652210377],
    [19, 15, 0.44557235671777434],
    [19, 16, 0.49323893463369017],
    [19, 17, 0.64181619612618901],
    [19, 18, 0.19599576719852957],
    [19, 19, 1.0],
    [19, 20, 0.41532267757075081],
    [19, 21, 0.76637870839533273],
    [19, 22, 0.3106058445987428],
    [19, 23, 0.39726480180493179],
    [19, 24, 0.46415264840800297],
    [20, 0, 0.1147916794839807],
    [20, 1, 0.20297914626378757],
    [20, 2, 0.41688057912105742],
    [20, 3, 0.31446590210530229],
    [20, 4, 0.04466862090813848],
    [20, 5, 0.1489538724017925],
    [20, 6, 0.2576266967492632],
    [20, 7, 0.28084549940020376],
    [20, 8, 0.21805670273460584],
    [20, 9, 0.29141049342623054],
    [20, 10, 0.31373353643423491],
    [20, 11, 0.40202385903453602],
    [20, 12, 0.3116936404396955],
    [20, 13, 0.33150101152223482],
    [20, 14, 0.51597478002403308],
    [20, 15, 0.58234859482413937],
    [20, 16, 0.44548286885583732],
    [20, 17, 0.31616310064552944],
    [20, 18, 0.46426261626469562],
    [20, 19, 0.41532267757075081],
    [20, 20, 1.0],
    [20, 21, 0.47479303496748576],
    [20, 22, 0.15854850748684499],
    [20, 23, 0.50034616024669887],
    [20, 24, 0.29253526992861845],
    [21, 0, 0.46010148519156879],
    [21, 1, 0.50093107870002718],
    [21, 2, 0.60195262920779091],
    [21, 3, 0.4861574227134961],
    [21, 4, 0.41025438290270594],
    [21, 5, 0.45254826975624102],
    [21, 6, 0.50525662052869391],
    [21, 7, 0.49758715835288336],
    [21, 8, 0.55608500993235688],
    [21, 9, 0.56768599394146113],
    [21, 10, 0.50166640018013486],
    [21, 11, 0.44931123758053876],
    [21, 12, 0.41003709563529944],
    [21, 13, 0.55395531527701125],
    [21, 14, 0.39189443669551394],
    [21, 15, 0.48436552768715474],
    [21, 16, 0.59411391399836666],
    [21, 17, 0.65690399179826964],
    [21, 18, 0.3176835179352705],
    [21, 19, 0.76637870839533273],
    [21, 20, 0.47479303496748576],
    [21, 21, 1.0],
    [21, 22, 0.23869867708969866],
    [21, 23, 0.49413707167408927],
    [21, 24, 0.48622357946392453],
    [22, 0, 0.17295025305818412],
    [22, 1, 0.17349156954162737],
    [22, 2, 0.22339530472425603],
    [22, 3, 0.31038844709906727],
    [22, 4, 0.081074378476613876],
    [22, 5, 0.15482040912381048],
    [22, 6, 0.18079803785996962],
    [22, 7, 0.51886518080506094],
    [22, 8, 0.12274580879371358],
    [22, 9, 0.30185545544129072],
    [22, 10, 0.37376988303357367],
    [22, 11, 0.15089595733544614],
    [22, 12, 0.031236708318778207],
    [22, 13, 0.36869105098998356],
    [22, 14, 0.27710909520255905],
    [22, 15, 0.28697205932769071],
    [22, 16, 0.18399622878016458],
    [22, 17, 0.23523194651952875],
    [22, 18, 0.2163226052653798],
    [22, 19, 0.3106058445987428],
    [22, 20, 0.15854850748684499],
    [22, 21, 0.23869867708969866],
    [22, 22, 1.0],
    [22, 23, 0.33171434493979746],
    [22, 24, 0.34525720316368336],
    [23, 0, 0.048522542811240202],
    [23, 1, 0.13731559991862161],
    [23, 2, 0.37486427426865232],
    [23, 3, 0.14762401600930644],
    [23, 4, -0.079750383436965694],
    [23, 5, 0.044859783338754462],
    [23, 6, 0.057734292803554688],
    [23, 7, 0.31156526457806544],
    [23, 8, 0.11047602696860345],
    [23, 9, 0.34094671126746218],
    [23, 10, 0.28670487711393688],
    [23, 11, 0.50855978747072694],
    [23, 12, 0.30454641646479258],
    [23, 13, 0.26174213345449276],
    [23, 14, 0.54727560309320189],
    [23, 15, 0.4739631686863639],
    [23, 16, 0.3004032588148482],
    [23, 17, 0.21439946143906019],
    [23, 18, 0.62385418465018805],
    [23, 19, 0.39726480180493179],
    [23, 20, 0.50034616024669887],
    [23, 21, 0.49413707167408927],
    [23, 22, 0.33171434493979746],
    [23, 23, 1.0],
    [23, 24, 0.53033363902244257],
    [24, 0, 0.32948511714425666],
    [24, 1, 0.36928244296509227],
    [24, 2, 0.46075735539221524],
    [24, 3, 0.2367672561401615],
    [24, 4, 0.21207146720275458],
    [24, 5, 0.32911059162593437],
    [24, 6, 0.33108984615021453],
    [24, 7, 0.38901290211774514],
    [24, 8, 0.2926458667862345],
    [24, 9, 0.48634271991435096],
    [24, 10, 0.39472284716106565],
    [24, 11, 0.35790593746211352],
    [24, 12, 0.18401424061181554],
    [24, 13, 0.31188809357116437],
    [24, 14, 0.36684133203072911],
    [24, 15, 0.22922112315245838],
    [24, 16, 0.23801356904972146],
    [24, 17, 0.38467844028972159],
    [24, 18, 0.34115817559932554],
    [24, 19, 0.46415264840800297],
    [24, 20, 0.29253526992861845],
    [24, 21, 0.48622357946392453],
    [24, 22, 0.34525720316368336],
    [24, 23, 0.53033363902244257],
    [24, 24, 1.0]
  ]
}